141 -38
142 -38
143 -38
144 -38
145 -38
146 -38
147 -38
139 -37
141 -37
142 -37
143 -37
144 -37
145 -37
146 -37
147 -37
148 -37
149 -37
138 -36
139 -36
140 -36
141 -36
142 -36
143 -36
144 -36
145 -36
146 -36
147 -36
148 -36
149 -36
138 -35
139 -35
140 -35
141 -35
142 -35
143 -35
144 -35
145 -35
146 -35
147 -35
148 -35
149 -35
138 -34
139 -34
140 -34
141 -34
142 -34
143 -34
144 -34
145 -34
146 -34
147 -34
148 -34
149 -34
150 -34
139 -33
140 -33
141 -33
142 -33
143 -33
144 -33
145 -33
146 -33
147 -33
148 -33
149 -33
150 -33
141 -32
142 -32
143 -32
144 -32
145 -32
146 -32
147 -32
148 -32
149 -32
150 -32
151 -32
142 -31
143 -31
144 -31
145 -31
146 -31
147 -31
148 -31
149 -31
150 -31
151 -31
143 -30
144 -30
145 -30
146 -30
147 -30
148 -30
149 -30
150 -30
151 -30
152 -30
143 -29
144 -29
145 -29
146 -29
147 -29
148 -29
149 -29
150 -29
151 -29
152 -29
144 -28
145 -28
146 -28
147 -28
148 -28
149 -28
150 -28
151 -28
152 -28
144 -27
145 -27
146 -27
147 -27
148 -27
149 -27
150 -27
151 -27
145 -26
146 -26
147 -26
148 -26
145 -25
146 -25
147 -25
148 -25
